0 146.3126689672627 -133.94136078866245
1 142.2534311991995 127.43074023122608
2 141.787355261536 69.32719596200076
3 85.09095791861 -7.717109865975914
4 84.63209656045478 -18.481153296288937
5 77.9379081518494 -11.628501738335558
6 77.62137267454511 -52.41767879417017
7 74.43405198018831 81.99276046685696
8 67.28594128911647 85.68474275813861
9 67.20564624306593 77.25666820245169
10 54.22548285303918 181.9570418318694
11 53.23915543430229 188.71696188832095
12 47.90217667397724 -188.24685624055599
13 43.6787905172161 -56.16959791214825
14 43.52634770351676 160.725437927849
15 0.32020727867251253 -87.23654390544638
16 0.002156005685378659 -135.85450617091897
17 -0.8791111685687838 -71.28394010282193
18 -9.043385264005792 -178.823167521471
19 -15.836979631743816 213.3561566567506
20 -16.33782499354959 -190.55896957971828
21 -47.15879532890341 165.1381700769889
22 -50.594796690765975 234.5073481235072
23 -54.90996993268118 -54.632960576160684
24 -66.68776728048738 50.20377565715984
25 -88.20429940520484 38.31884001219453
26 -88.83832206163368 -17.82600429960405
27 -101.53122051837926 54.35176317146022
28 -112.65005916468175 -108.95070655137519
29 -119.4047439638756 -72.74974261331084
30 -180.11808528061766 -108.62647024348169
31 -184.75649172710544 63.48414700224089
32 -96.8	       51.1
